intrinsic:
1260.7829148641601 0.0 961.8816642940986 
0.0 1259.1817073304555 558.6979313570355 
0.0 0.0 1.0 
distortion:
-0.46597120247391827 0.3320742820451066 0.0017685244991511172 -0.005614846123067444 -0.1630385357477357 
