intrinsic:
1387.2122029544482 0.0 982.1308519326606 
0.0 1394.5075837975292 544.1684932898788 
0.0 0.0 1.0 
distortion:
-0.44807490070802464 0.272558318971734 -0.0016246137598784423 0.0007702188400109348 -0.08992007362869195 
